n;128
m;4
tmax;14785.2
9860;14152;0
9396;14616;7
11252;14848;16
11020;13456;14
9512;15776;17
10788;13804;10
10208;14384;5
11600;13456;19
11252;14036;15
10672;15080;13
11136;14152;13
9860;13108;11
10092;14964;9
9512;13340;9
10556;13688;9
9628;14036;3
10904;13108;15
11368;12644;22
11252;13340;17
10672;13340;12
11020;13108;16
11020;13340;15
11136;13572;15
11020;13688;13
8468;11136;34
8932;12064;24
9512;12412;18
7772;11020;38
8352;10672;39
9164;12876;15
9744;12528;17
8352;10324;42
8236;11020;36
8468;12876;20
8700;14036;12
8932;13688;11
9048;13804;9
8468;12296;24
8352;12644;22
8236;13572;18
9164;13340;11
8004;12760;24
8584;13108;17
7772;14732;22
7540;15080;26
7424;17516;42
8352;17052;33
7540;16820;36
7888;17168;37
9744;15196;11
9164;14964;11
9744;16240;22
7888;16936;35
8236;15428;21
9512;17400;33
9164;16008;20
8700;15312;17
11716;16008;27
12992;14964;33
12412;14964;27
12296;15312;28
12528;15196;29
15312;15196;56
11716;16124;28
11600;19720;59
10324;17516;35
12412;13340;27
12876;12180;37
13688;10904;51
13688;11716;46
13688;12528;42
11484;13224;19
12296;12760;29
12064;12528;28
12644;10556;46
11832;11252;36
11368;12296;25
11136;11020;35
10556;11948;24
10324;11716;25
11484;11716;30
11484;11716;30
11020;11716;28
11484;11716;30
16936;12180;75
17052;12064;76
16936;11832;76
17052;11600;77
13804;18792;62
12064;14964;24
12180;15544;28
14152;18908;65
5104;14616;49
6496;17168;46
5684;13224;44
15660;10788;68
5336;10324;60
812;10324;100
14384;20184;76
11252;15776;22
9744;15776;17
10904;15776;20
7308;14848;27
16472;16472;71
10440;14036;6
10672;13804;9
1160;18560;99
10788;13572;12
15660;11368;65
15544;12760;59
5336;18908;67
6264;19140;62
11832;17516;40
10672;14152;9
10208;15196;12
12180;14848;25
11020;10208;42
7656;17052;37
16240;17052;71
10440;14732;9
9164;15544;16
8004;11020;37
5684;11948;48
9512;16472;24
13688;17516;52
11484;17516;38
3248;14152;67
9860;14152;0
