n;230
m;4
tmax;441.25
68.58;33.05;0
64.34;40.32;4
59.55;30.15;5
59.25;24.45;6
56.57;24.06;7
54.43;20.3;9
54.41;25.19;8
53.54;27.34;8
49.5;24;10
50.26;30.31;9
46.28;30.44;10
55.45;37.35;7
56.2;44;8
55.45;49.08;10
53.12;50.09;11
51.4;39.1;8
50;36.15;9
48.27;34.59;9
44.36;33.32;11
47.14;39.42;10
48.44;44.25;11
46.21;48.03;12
41.43;44.49;13
40.11;44.3;14
40.23;49.51;15
58;56.15;12
56.51;60.36;14
67.27;63.58;14
69.2;88.06;25
55;73.24;19
55.02;82.55;23
56.01;92.5;27
49.5;73.1;20
43.15;76.57;23
41.2;69.18;20
39.4;66.48;20
38.35;68.48;21
43.48;87.35;27
52.16;104.2;32
47.55;106.53;34
52.03;113.3;36
62.13;129.49;43
64.45;177.29;64
53.01;158.39;56
59.34;150.48;52
50.17;127.32;42
50.35;137.02;47
48.27;135.06;46
46.58;142.42;49
43.1;131.56;45
41.01;28.58;13
38.25;27.09;14
39.56;32.52;13
38.43;35.3;14
39.45;37.02;13
39.55;41.17;14
37.55;40.14;14
37.01;35.18;14
36.12;37.1;15
34.44;36.43;15
33.3;36.18;16
33.53;35.3;16
31.57;35.56;17
32.5;35;16
32.04;34.46;16
31.46;35.14;17
24.28;39.36;20
21.3;39.12;21
21.27;39.49;21
15.23;44.12;24
14.48;42.57;24
12.45;45.12;26
14.32;49.08;25
23.37;58.35;23
25.18;55.18;22
25.17;51.32;21
26.13;50.35;21
24.38;46.43;21
29.2;47.59;19
30.3;47.47;18
33.21;44.25;17
35.28;44.28;16
36.2;43.08;15
38.05;46.18;15
37.16;49.36;16
35.4;51.26;17
34.19;47.04;17
30.2;48.16;19
32.4;51.38;18
29.36;52.32;20
30.17;57.05;20
36.18;59.36;19
34.2;62.12;20
31.32;65.3;22
34.31;69.12;22
33.36;73.04;24
31.35;74.18;25
31.25;73.05;24
30.11;71.29;24
30.12;67;23
27.42;68.52;24
25.22;68.22;25
24.52;67.03;25
30.19;78.02;26
28.4;77.13;27
26.17;73.02;26
26.55;75.49;27
26.28;80.21;28
25.2;83;29
25.36;85.07;30
22.32;88.22;32
23.02;72.37;27
21.09;79.06;29
20.3;85.5;32
18.58;72.5;28
17.23;78.29;30
17.42;83.18;32
15.21;75.1;30
12.59;77.35;32
13.05;80.17;32
10.49;78.41;33
9.56;78.07;33
6.56;79.51;34
27.43;85.19;30
27.28;89.39;31
23.43;90.25;32
22.2;91.5;33
22;96.05;35
16.47;96.1;36
18.47;98.59;37
19.52;102.08;37
17.58;102.36;38
21.02;105.51;38
16.28;107.36;40
16.04;108.13;41
10.45;106.4;41
11.33;104.55;41
13.45;100.31;38
5.25;100.2;41
3.1;101.42;42
1.17;103.51;43
3.35;98.4;41
-0.57;100.21;43
-2.55;104.45;45
-6.1;106.48;46
-6.54;107.36;47
-7.48;110.22;48
-7.15;112.45;48
-8.39;115.13;50
-10.1;123.35;53
-3.2;114.35;48
1.33;110.2;45
4.56;114.55;46
-0.3;117.09;48
-5.07;119.24;50
1.29;124.51;50
-3.43;128.12;53
-5.4;132.45;55
7.04;125.36;49
10.18;123.54;48
10.42;122.34;47
14.35;121;46
22.17;114.09;41
22.38;120.17;44
25.03;121.3;43
29.4;91.09;31
36.03;103.41;34
34.15;108.52;37
30.39;104.04;36
29.39;106.34;37
25.05;102.4;36
23.06;113.16;41
26.06;119.17;42
30.36;114.17;40
32.03;118.47;41
31.14;121.28;42
34.48;113.39;39
36.06;120.19;41
37.55;112.3;38
39.08;117.12;39
39.55;116.25;39
38.53;121.35;41
41.48;123.27;42
45.45;126.41;43
39.01;125.45;43
37.33;126.58;44
35.06;129.03;45
43.03;141.21;49
39.43;140.07;49
38.15;140.53;49
35.42;139.46;49
35.1;136.55;48
36.34;136.39;48
35;135.45;48
34.4;135.3;48
34.24;132.27;46
32.48;129.55;46
31.36;130.33;46
26.13;127.4;46
13.28;144.47;55
-2.32;140.42;57
-4.12;152.12;61
-9.3;147.1;61
-12.28;130.5;56
-31.56;115.5;57
-34.55;138.35;65
-37.49;144.58;68
-42.53;147.19;70
-33.52;151.13;69
-27.28;153.02;68
-19.16;146.48;63
-23.42;133.53;60
-45.52;170.3;78
-43.32;172.38;79
-41.18;174.47;79
-36.52;174.46;77
-21.08;-175.12;100
-14.16;-170.42;96
-18.08;178.25;74
-22.16;166.27;71
-9.26;159.57;65
-0.32;166.55;66
11.35;165.23;63
21.19;-157.52;86
1.52;-157.2;89
-9.45;-139;83
-17.32;-149.34;89
-25.04;-130.06;83
-27.07;-109.22;75
68.58;33.05;0
