n;401
m;3
tmax;2547
435.841;587.522;0
602.539;801.704;56
861.563;954.019;97
444.217;553.301;38
796.042;796.519;79
88.9064;838.954;20
233.569;850.798;61
476.864;203.976;2
406.271;601.839;43
954.573;785.053;84
593.326;968.644;25
946.1;432.995;66
83.0742;601.487;7
861.254;754.12;48
247.619;698.637;89
963.227;965.824;30
125.872;536.987;71
563.237;20.7366;12
55.259;619.092;53
691.414;576.653;94
237.167;707.298;35
583.448;609.201;76
404.171;942.218;17
15.771;614.642;58
20.0806;62.8968;99
196.656;613.862;40
913.249;428.902;81
828.34;584.111;22
49.6047;40.6059;63
271.361;736.904;4
979.153;716.97;45
489.418;957.946;86
817.106;281.12;27
332.771;466.52;68
278.353;945.623;9
168.54;974.806;50
806.139;537.748;91
445.404;306.86;32
306.696;552.626;73
555.492;359.315;14
156.444;178.995;55
140.141;704.084;96
963.235;442.629;37
460.829;255.503;78
385.534;487.846;19
931.464;198.146;60
279.893;896.021;1
331.283;923.481;42
33.5356;889.86;83
511.528;60.4103;24
232.874;327.742;65
870.562;747.862;6
126.307;27.0835;47
25.7158;384.711;88
550.99;317.71;29
421.545;669.856;70
699.395;641.832;11
30.6059;881.315;52
486.626;987.924;93
547.886;870.165;34
764.19;227.841;75
489.34;885.471;16
908.764;483.318;57
195.225;821.483;98
171.854;111.942;39
599.164;587.5;80
132.524;507.626;21
327.208;868.8;62
267.929;788.352;3
792.919;136.517;44
156.993;187.479;85
186.101;903.489;26
745.996;818.744;67
672.67;141.516;8
795.061;496.701;49
298.827;796.84;90
91.6001;378.018;31
917.898;105.225;72
370.272;274.581;13
789.206;738.168;54
800.35;158.589;95
748.357;537.031;36
486.979;88.5907;77
148.737;95.1072;18
231.984;10.131;59
972.905;220.419;100
40.56;259.589;41
192.47;292.712;82
24.0393;509.808;23
316.686;311.822;64
494.944;163.27;5
525.118;681.256;46
835.669;882.708;87
775.205;181.054;28
109.477;27.3525;69
653.011;671.869;10
628.285;197.058;51
1.94865;712.335;92
730.64;446.995;33
580.371;933.465;74
377.453;863.505;15
258.125;251.372;56
659.297;693.415;97
700.979;439.308;38
801.207;327.664;79
755.117;581.702;20
168.354;774.785;61
607.71;673.196;2
569.788;359.946;43
505.772;795.094;84
692.786;475.055;25
615.258;416.034;66
433.068;854.106;7
226.997;149.199;48
326.41;615.676;89
756.359;997.073;30
175.187;551.629;71
207.262;753.08;12
127.313;986.134;53
245.176;595.849;94
368.488;322.474;35
618.453;808.454;76
284.623;905.817;17
347.487;932.543;58
942.046;733.577;99
923.029;410.17;40
153.759;230.999;81
476.331;253.181;22
232.085;588.069;63
439.629;819.344;4
959.404;382.332;45
659.332;989.174;86
475.22;422.92;27
734.709;76.166;68
844.594;856.238;9
10.2508;829.527;50
359.094;688.825;91
901.1;207.153;32
607.208;778.844;73
682.389;84.7105;14
840.931;757.357;55
449.959;883.516;96
725.65;402.263;37
882.698;149.994;78
429.87;229.253;19
980.879;821.977;60
578.122;545.104;1
541.69;818.375;42
509.211;164.053;83
875.589;251.226;24
101.219;820.45;65
485.894;5.4797;6
134;228.874;47
167.243;943.593;88
156.372;445.891;29
267.979;69.0196;70
476.475;711.843;11
456.946;809.262;52
217.245;20.1127;93
165.471;811.813;34
381.612;457.549;75
310.765;220.815;16
2.19756;25.8493;57
135.318;579.262;98
257.714;332.927;39
678.108;546.502;80
176.011;611.721;21
560.389;331.015;62
416.783;521.535;3
852.354;420.312;44
850.689;321.301;85
745.771;57.0821;26
104.725;588.78;67
64.3447;87.0233;8
417.205;194.188;49
884.474;559.131;90
868.707;180.065;31
262.003;425.604;72
669.764;662.314;13
420.178;34.4287;54
424.972;239.973;95
615.069;4.82106;36
967.473;235.618;77
180.64;963.276;18
153.897;253.897;59
138.308;544.775;100
23.8826;240.295;41
701.018;43.4543;82
951.537;792.325;23
190.116;9.77048;64
347.579;997.518;5
331.085;8.82753;46
547.387;204.852;87
776.794;291.288;28
756.586;917.899;69
172.306;772.747;10
85.7052;33.6732;51
904.883;126.216;92
87.5416;389.28;33
21.9732;102.51;74
417.302;581.199;15
205.641;477.219;56
486.743;625.481;97
372.177;77.9249;38
117.937;480.467;79
295.533;923.189;20
879.339;967.331;61
889.914;107.701;2
636.977;852.552;43
382.491;96.1738;84
134.598;416.191;25
759.957;814.02;66
44.5069;940.863;7
244.594;473.987;48
642.573;589.53;89
228.193;537.552;30
645.769;36.6176;71
881.955;436.361;12
680.574;156.194;53
811.997;466.21;94
963.481;584.969;35
312.678;611.344;76
853.959;621.638;17
518.363;989.629;58
272.482;202.425;99
762.214;751.456;40
648.783;603.79;81
783.667;742.083;22
399.475;192.268;63
32.4988;938.751;4
814.209;436.493;45
291.053;292.049;86
607.013;13.6116;27
92.7453;433.967;68
769.072;182.917;9
175.856;408.861;50
344.656;388.185;91
227.183;343.604;32
491.148;328.614;73
25.5217;669.796;14
789.06;180.381;55
980.725;735.09;96
58.1823;207.452;37
195.262;304.483;78
543.707;996.057;19
557.17;378.511;60
256.513;606.643;1
805.435;372.793;42
462.037;417.062;83
818.209;629.891;24
415.46;823.742;65
203.288;280.22;6
325.896;907.59;47
512.472;906.526;88
826.909;802.719;29
374.105;494.356;70
599.164;619.972;11
327.353;384.372;52
360.033;175.038;93
809.911;758.316;34
260.672;213.383;75
934.248;685.015;16
176.023;365.196;57
606.972;355.066;98
667.645;810.279;39
852.864;824.65;80
746.32;56.0444;21
93.5555;531.101;62
818.774;606.902;3
746.616;491.772;44
231.083;960.553;85
683.546;930.491;26
431.006;685.786;67
709.83;561.077;8
452.184;663.382;49
384.806;812.568;90
886.343;4.94442;31
52.5835;271.001;72
152.733;951.553;13
808.889;763.527;54
775.352;780.347;95
178.085;519.553;36
988.743;256.46;77
114.258;377.412;18
236.126;494.214;59
314.339;438.079;100
273.595;173.028;41
49.9968;742.733;82
6.42906;353.95;23
540.007;528.659;64
786.058;432.582;5
995.164;77.7478;46
509.984;834.341;87
890.36;307.257;28
304.468;535.688;69
473.917;22.3053;10
868.559;484.797;51
91.7265;661.356;92
616.789;748.507;33
414.131;748.199;74
236.206;683.44;15
974.766;171.802;56
732.088;320.501;97
334.192;594.83;38
561.254;14.0532;79
33.0116;545.758;20
451.636;797.971;61
197.287;1.98716;2
236.339;400.124;43
747.866;360.265;84
430.779;816.476;25
21.823;256.845;66
344.638;230.393;7
754.786;929.344;48
257.178;178.95;89
233.293;789.181;30
109.638;555.178;71
818.496;388.539;12
438.962;136.901;53
344.937;837.515;94
920.634;460.336;35
950.473;33.9817;76
123.803;911.149;17
826.839;234.883;58
967.716;166.523;99
763.859;558.636;40
477.087;834.773;81
189.042;621.271;22
500.418;885.256;63
807.777;879.354;4
6.13562;122.624;45
680.526;979.535;86
752.455;173.084;27
740.572;359.87;68
494.045;199.61;9
225.447;556.169;50
782.186;687.569;91
559.929;171.432;32
463.399;711.7;73
99.6077;192.347;14
257.615;814.539;55
42.8894;926.489;96
172.907;173.232;37
483.206;814.332;78
537.144;893.849;19
2.99018;973.272;60
286.889;436.077;1
34.4571;282.052;42
382.173;228.74;83
407.053;857.824;24
957.659;25.5349;65
534.254;449.898;6
891.084;771.611;47
609.907;714.945;88
800.506;368.529;29
6.5945;196.999;70
122.621;436.923;11
517.93;649.464;52
235.387;41.3129;93
603.56;723.736;34
910.373;948.618;75
498.328;926.571;16
548.665;952.849;57
779.11;99.0186;98
582.097;75.6071;39
214.744;82.1886;80
560.439;622.937;21
693.672;555.594;62
90.496;16.7955;3
760.5;411.841;44
626.521;526.724;85
995.853;234.577;26
918.947;876.684;67
989.579;47.3211;8
377.688;314.408;49
961.419;413.034;90
825.413;709.361;31
827.455;580.479;72
35.7801;990.366;13
620.154;281.819;54
109.524;120.779;95
738.931;820.767;36
274.222;258.428;77
82.5408;643.565;18
592.712;764.167;59
724.782;471.166;100
778.131;902.453;41
885.712;666.382;82
26.8873;163.883;23
741.314;972.935;64
165.76;712.313;5
256.231;126.549;46
927.385;899.534;87
524.925;53.7248;28
72.1925;423.799;69
367.23;863.354;10
349.224;799.328;51
127.116;42.9147;92
587.637;139.566;33
22.8315;355.085;74
435.841;587.522;0
